<?xml version="1.0"?>
<opencv_storage>
<Q_table type_id="opencv-matrix">
  <rows>7</rows>
  <cols>10</cols>
  <dt>d</dt>
  <data>
    1.4937322628576195e-04 8.0616018749424256e-07 9.1633037571072599e-12
    -6.2062884990585822e-05 7.9750597280390889e-01 0. 0. 0. 0. 0. 0. 0.
    0. 0. 0. 0. 0. 0. 0. 0. 5.1903261590915080e-315
    2.0386710275488440e-07 2.3828911150143773e-06
    -1.0511071003360247e-04 7.4123966428522370e-01 0. 0. 0. 0. 0.
    5.1966569433543417e-315 1.0353987818234600e-06
    3.4142271848052825e-06 -5.8708923339024367e-05
    5.3931223080891976e-03 0. 0. 0. 0. 0. 5.1994244224255827e-315
    2.1381515580287669e-07 2.8660019687420759e-06
    -2.4185251029458166e-04 6.2434828107209717e-01 0. 0. 0. 0. 0.
    5.2046239445791337e-315 1.6340318325092085e-06
    -8.9471520725329343e-14 -6.3609110513390276e-04
    1.5046980345270300e+00 0. 0. 0. 0. 0. 5.1862368469100705e-315
    1.3910221241530962e-06 3.6470032589745988e-06
    -9.7619383944087395e-05 1.0245950669516073e+01 0. 0. 0. 0. 0.</data></Q_table>
</opencv_storage>
