<?xml version="1.0"?>
<opencv_storage>
<Q_table type_id="opencv-matrix">
  <rows>7</rows>
  <cols>10</cols>
  <dt>d</dt>
  <data>
    3.1856725132832023e-05 2.5901972549036145e-05 7.1499534733959323e-06
    -1.8650761879183896e-04 1.5552761528961965e+00 0. 0. 0. 0. 0. 0. 0.
    0. 0. 0. 0. 0. 0. 0. 0. 5.2344495166829891e-315
    8.8206525106215850e-07 4.1785142298389283e-06
    -4.9892232582066903e-06 3.4903699125280568e-01 0. 0. 0. 0. 0.
    5.1575996756074393e-315 9.5937195965234423e-09
    3.7580925820816663e-06 -4.8751855403748434e-04
    1.4196703399431534e+00 0. 0. 0. 0. 0. 5.2032576554421243e-315
    5.2427733317017555e-04 7.4018725891827607e-06
    -7.4508381401232617e-05 9.4629728594481377e-01 0. 0. 0. 0. 0.
    5.1467857841401502e-315 2.4528970243409276e-05
    4.6867071250196315e-06 -2.1070312014388788e-07
    3.4919152177321555e+00 0. 0. 0. 0. 0. 5.2215418145338765e-315
    9.7600568551570177e-06 9.0110972709380812e-07
    -3.1423209195476331e-05 1.6910617642510758e+03 0. 0. 0. 0. 0.</data></Q_table>
</opencv_storage>
