<?xml version="1.0"?>
<opencv_storage>
<Q_table type_id="opencv-matrix">
  <rows>7</rows>
  <cols>10</cols>
  <dt>d</dt>
  <data>
    1.5045757694287105e-04 6.2580962634228854e-10 1.8189004952270862e-06
    -1.2895595817915282e-04 6.8245708735971811e-01 0. 0. 0. 0. 0. 0. 0.
    0. 0. 0. 0. 0. 0. 0. 0. 5.1914613885479268e-315
    5.0511744120740332e-07 1.6019323479230338e-06
    -1.2121391742755292e-04 9.2792331990593502e-01 0. 0. 0. 0. 0.
    1.5688135493130451e-314 6.1102718973415904e-07
    2.3203233362801824e-06 -1.1334954217099682e-05
    1.7436048911119686e+00 0. 0. 0. 0. 0. 5.1946774199377142e-315
    9.5745690487092361e-08 4.9844185889036035e-07
    -1.1052272788185511e-06 8.5857164675615971e-01 0. 0. 0. 0. 0.
    1.5682690148614812e-314 3.3751962291717064e-07
    1.3670162338350766e-06 -1.0296762019269693e-04
    1.0394890318850403e+00 0. 0. 0. 0. 0. 5.1985465863486778e-315
    1.6391768440371379e-06 3.1383810780689015e-06
    -1.6872797253838443e-04 2.4980339928216604e+00 0. 0. 0. 0. 0.</data></Q_table>
</opencv_storage>
