<?xml version="1.0"?>
<opencv_storage>
<Q_table type_id="opencv-matrix">
  <rows>7</rows>
  <cols>10</cols>
  <dt>d</dt>
  <data>
    7.6498821393143645e-05 1.9267793049948523e-07 6.9334703054022800e-07
    -2.1891892497197970e-04 6.1257612437993236e-01 0. 0. 0. 0. 0. 0. 0.
    0. 0. 0. 0. 0. 0. 0. 0. 5.1854124539140762e-315
    8.1563333864664855e-10 6.2479977912452991e-07
    -3.3127335930552997e-04 1.1129475057701293e+03 0. 0. 0. 0. 0.
    5.1867853338868011e-315 2.3371035240415949e-07
    7.0250063966701561e-07 -9.8044347002427899e-06
    6.1879694224508697e-01 0. 0. 0. 0. 0. 5.1434767103079381e-315
    2.2677397737425053e-07 1.0812511176961457e-26
    -1.1227170400138387e-03 6.2107813136859480e-01 0. 0. 0. 0. 0.
    1.5741460176149730e-314 6.7987349083864501e-10
    6.8195049420255864e-06 -2.8992017092052511e-05
    6.0348236325428417e-01 0. 0. 0. 0. 0. 5.1866913131943975e-315
    2.2467918370239204e-07 6.7847815489768615e-07
    -1.6303211977456933e-04 8.4008991500322572e-01 0. 0. 0. 0. 0.</data></Q_table>
</opencv_storage>
