<?xml version="1.0"?>
<opencv_storage>
<Q_table type_id="opencv-matrix">
  <rows>7</rows>
  <cols>10</cols>
  <dt>d</dt>
  <data>
    3.7608441102838472e-04 7.0968526415526867e-06 4.4681700998779741e-06
    -4.5220869521312764e-05 3.6156827121932283e-01 0. 0. 0. 0. 0. 0. 0.
    0. 0. 0. 0. 0. 0. 0. 0. 5.2060179112736231e-315
    4.3856198317371309e-06 1.0195815741313968e-05
    -1.3920446450909360e-04 1.4167187178873133e+00 0. 0. 0. 0. 0.
    5.1585131832239739e-315 2.3697221962493131e-10
    2.9255449554549096e-08 -7.4101592349135675e-07
    1.3527586425869160e+00 0. 0. 0. 0. 0. 5.2097998355728441e-315
    4.2226456571370363e-06 1.7328957771223693e-07
    -1.3548988432874405e-04 2.1825852947101279e-01 0. 0. 0. 0. 0.
    5.2075248954845987e-315 1.1201613233424723e-05
    1.2072571236791725e-06 -1.8277219737750833e-07
    9.6794528516003826e+00 0. 0. 0. 0. 0. 1.5798394616412623e-314
    8.8463595602661371e-05 2.1671877543382434e-09
    -2.1634539711885199e-05 1.5937902893282523e+00 0. 0. 0. 0. 0.</data></Q_table>
</opencv_storage>
