<?xml version="1.0"?>
<opencv_storage>
<Q_table type_id="opencv-matrix">
  <rows>7</rows>
  <cols>10</cols>
  <dt>d</dt>
  <data>
    1.7498331673088092e-04 4.1942894313251600e-07 2.7148988763951648e-08
    -1.5049954487864745e-04 9.5660984316866327e-01 0. 0. 0. 0. 0. 0. 0.
    0. 0. 0. 0. 0. 0. 0. 0. 5.1867873150900409e-315
    1.3888310945731064e-08 7.7332708536336365e-07
    -5.0107402642924746e-05 9.8018944065523517e-01 0. 0. 0. 0. 0.
    5.1977095749160888e-315 2.3567063180962577e-06
    6.3168829222404849e-07 -3.9724436553714315e-05
    9.2339765840014421e-01 0. 0. 0. 0. 0. 5.1789601789089302e-315
    3.3907963370438665e-07 3.4957597471372772e-06
    -1.9570452324248766e-05 1.0108005963735545e+00 0. 0. 0. 0. 0.
    1.5750947199977891e-314 7.8914581536082551e-07
    3.8943371503102610e-06 -4.5401342330803625e-05
    1.0600573945971399e+00 0. 0. 0. 0. 0. 5.1972477322316693e-315
    8.1318239608663134e-07 3.1770491568558618e-06
    -3.8298993538925816e-04 3.7226357384928694e+00 0. 0. 0. 0. 0.</data></Q_table>
</opencv_storage>
