<?xml version="1.0"?>
<opencv_storage>
<Q_table type_id="opencv-matrix">
  <rows>7</rows>
  <cols>10</cols>
  <dt>d</dt>
  <data>
    1.8651483622023643e-04 1.1926586012123153e-06 1.3240210652675397e-07
    -1.5192307134279481e-04 9.0982782652891769e-01 0. 0. 0. 0. 0. 0. 0.
    0. 0. 0. 0. 0. 0. 0. 0. 5.2005598593895728e-315
    5.0460494094295427e-07 1.5767605474456962e-07
    -9.6503426658462433e-05 5.9261762925703920e-01 0. 0. 0. 0. 0.
    5.1918477923488828e-315 1.0157800716115162e-06
    1.7384529591852405e-06 -6.4685955069155416e-05
    9.3873560200276285e-01 0. 0. 0. 0. 0. 5.1948699079133339e-315
    1.9843540144393046e-08 2.7449918767506962e-06
    -5.6405889184795300e-04 8.9829933456558619e-01 0. 0. 0. 0. 0.
    5.2259137372053918e-315 4.0947134039015509e-07
    7.6861552836249020e-08 -3.1725532433394578e-04
    8.6389147879111972e-01 0. 0. 0. 0. 0. 5.1974245731482853e-315
    1.6399872038164176e-06 3.8843581725956530e-06
    -1.8049383608017007e-04 4.2249995377090255e-01 0. 0. 0. 0. 0.</data></Q_table>
</opencv_storage>
