<?xml version="1.0"?>
<opencv_storage>
<Q_table type_id="opencv-matrix">
  <rows>7</rows>
  <cols>10</cols>
  <dt>d</dt>
  <data>
    2.7970322328441468e-03 4.2686890810728073e-04 4.3606480055586417e-05
    -3.2609161218044596e-05 1.2278664068686462e+00 0. 0. 0. 0. 0. 0. 0.
    0. 0. 0. 0. 0. 0. 0. 0. 5.2166057034794058e-315
    7.1355486852553440e-08 3.3810630338632959e-07
    -3.9354281331518018e-06 2.3123752519937145e+01 0. 0. 0. 0. 0.
    5.2100335335639835e-315 3.0838273232802749e-05
    3.6427496399123279e-05 -6.1869343288775808e-07
    2.0214199952303384e+00 0. 0. 0. 0. 0. 5.2168451375726934e-315
    2.4057430891843978e-07 1.5135249170497550e-06
    -9.8603500247921935e-05 1.0804579204975309e+00 0. 0. 0. 0. 0.
    5.2288537835254122e-315 1.1685158824548125e-04
    3.6950695966241794e-05 -1.5968728318645870e-06
    2.2851452762425799e+00 0. 0. 0. 0. 0. 5.2153032723271214e-315
    4.6141241909936070e-05 3.2029180029644236e-05
    -3.4461183490391590e-05 6.7814224046290704e+01 0. 0. 0. 0. 0.</data></Q_table>
</opencv_storage>
