<?xml version="1.0"?>
<opencv_storage>
<Q_table type_id="opencv-matrix">
  <rows>7</rows>
  <cols>10</cols>
  <dt>d</dt>
  <data>
    1.7876582522100812e-04 2.8480193577706814e-05 1.0018761332127149e-09
    -4.8392168485622772e-05 1.4253904785687903e+00 0. 0. 0. 0. 0. 0. 0.
    0. 0. 0. 0. 0. 0. 0. 0. 5.2137386998244666e-315
    3.0881642487656791e-07 8.8363606015046952e-07
    -8.9508961286726297e-05 9.8713245100804841e+00 0. 0. 0. 0. 0.
    5.2028982375067442e-315 2.5248373276554048e-05
    3.2899239030138671e-05 -1.4236695705208638e-06
    1.6027195420068636e+00 0. 0. 0. 0. 0. 5.2052482854544704e-315
    1.4863384421914816e-05 8.7406460491554647e-06
    -1.5212382960451317e-04 1.6984016859879643e+00 0. 0. 0. 0. 0.
    5.2505778796169906e-315 1.4076847326682795e-14
    1.0994424851205918e-05 -4.1063329177367937e-05
    1.5511867962850285e+00 0. 0. 0. 0. 0. 1.5650036623804665e-314
    2.3333515855483711e-05 1.3305145299746570e-05
    -3.5788264303018722e-04 1.4108240572180215e+00 0. 0. 0. 0. 0.</data></Q_table>
</opencv_storage>
