<?xml version="1.0"?>
<opencv_storage>
<Q_table type_id="opencv-matrix">
  <rows>7</rows>
  <cols>11</cols>
  <dt>d</dt>
  <data>
    -4.3749995407961248e-02 0. 0. 0. 0. 0. 0. 0. 0. 0. 0. 0. 0. 0. 0. 0.
    0. 0. 0. 0. 0. 0. 0. 5.9885691106691269e+10 16384.
    -1.6378091996587803e-06 1.2891037301354064e+16
    5.5765201303676998e-315 0. 0. 0. 0. 0. 0. 9.2687168251779842e+08
    9.4199462890625000e+01 9.5543312956328806e+05 1.2891552673691322e+16
    0. 0. 0. 0. 0. 0. 0. 3.6803875952164125e+09 0.
    2.8271703168750000e+09 4.4112407902505062e+14
    5.4930795869743521e-315 0. 0. 0. 0. 0. 0. 5.4986853447238831e-315 0.
    4.2074590654882495e+11 5.5005625076200053e-315
    5.5761062812201173e-315 0. 0. 0. 0. 0. 0. 9.2602307124589005e+09
    1986296832. 1.3670282433660066e+01 4.1973990759757670e+15 0. 0. 0.
    0. 0. 0.</data></Q_table>
</opencv_storage>
